13
1
2
0 11 6 3 0 -1
0 12 6 1 0 3
haar_y3
1.626079e-003 0 -1
2.602740e-001 -3.454545e-001 
1
3
1 0 22 22 0 -1
12 0 11 11 0 2
1 11 11 11 0 2
haar_x2_y2
-4.405488e-002 0 -1
-3.274147e-001 2.990907e-001 
1
2
6 5 6 16 0 -1
9 5 3 16 0 2
haar_x2
2.415111e-002 0 -1
-2.042072e-001 6.158059e-001 
1
2
18 1 4 12 0 -1
18 1 2 12 0 2
haar_x2
2.486663e-002 0 -1
-5.165932e-002 4.081098e-001 
1
2
7 5 4 17 0 -1
9 5 2 17 0 2
haar_x2
-1.358677e-002 0 -1
5.108362e-001 -2.472292e-001 
1
2
9 18 15 6 0 -1
14 18 5 6 0 3
haar_x3
-8.919540e-002 0 -1
6.968085e-001 2.167419e-002 
1
2
7 0 2 3 0 -1
7 0 1 3 0 2
tilted_haar_x2
-4.862849e-003 0 -1
7.020632e-001 -1.787242e-001 
1
2
9 18 15 6 0 -1
14 18 5 6 0 3
haar_x3
1.103362e-001 0 -1
-4.613836e-002 7.894515e-001 
1
2
2 18 2 4 0 -1
3 18 1 4 0 2
haar_x2
1.438168e-003 0 -1
2.330473e-001 -5.545262e-001 
1
2
15 8 6 3 0 -1
17 10 2 3 0 3
tilted_haar_y3
-1.056543e-002 0 -1
3.392980e-001 -4.997865e-002 
1
2
9 8 3 6 0 -1
7 10 3 2 0 3
tilted_haar_y3
-1.172820e-002 0 -1
6.741295e-001 -2.089963e-001 
1
2
13 12 10 3 0 -1
13 12 5 3 0 2
haar_x2
2.568961e-003 0 -1
-1.818961e-001 2.347619e-001 
1
2
1 12 10 3 0 -1
6 12 5 3 0 2
haar_x2
1.871170e-002 0 -1
-2.037382e-001 7.137524e-001 
-7.044408e-001

9
-1
