15
1
2
4 2 18 4 0 -1
3 3 18 2 0 2
tilted_haar_y4
-1.194800e-002 0 -1
5.000000e-001 -2.111111e-001 
1
2
16 14 3 7 0 -1
17 15 1 7 0 3
tilted_haar_y3
-1.389225e-002 0 -1
6.035651e-001 -6.297085e-002 
1
2
8 3 13 8 0 -1
6 5 13 4 0 2
tilted_haar_y4
5.849959e-002 0 -1
-1.733820e-001 8.337653e-001 
1
2
8 3 15 21 0 -1
13 10 5 7 0 9
haar_point
5.376883e-001 0 -1
-4.253687e-002 6.941072e-001 
1
2
1 3 15 21 0 -1
6 10 5 7 0 9
haar_point
-2.016239e-001 0 -1
5.719497e-001 -2.178088e-001 
1
2
15 14 1 8 0 -1
13 16 1 4 0 2
tilted_haar_x4
1.033386e-002 0 -1
-8.167756e-002 3.972388e-001 
1
2
9 14 8 1 0 -1
11 16 4 1 0 2
tilted_haar_x4
-9.470963e-004 0 -1
5.032701e-001 -3.860602e-001 
1
2
15 3 3 8 0 -1
15 5 3 4 0 2
haar_y4
-5.204636e-004 0 -1
1.350383e-001 -1.812152e-001 
1
2
6 7 2 3 0 -1
7 7 1 3 0 2
haar_x2
1.116216e-003 0 -1
-2.678820e-001 6.189504e-001 
1
2
15 3 3 8 0 -1
15 5 3 4 0 2
haar_y4
4.147998e-005 0 -1
-1.109300e-001 2.688707e-001 
1
2
6 3 3 8 0 -1
6 5 3 4 0 2
haar_y4
-1.311129e-003 0 -1
5.569002e-001 -3.864283e-001 
1
2
13 4 7 12 0 -1
13 8 7 4 0 3
haar_y3
-1.352246e-002 0 -1
2.233033e-001 -1.603696e-001 
1
3
2 5 18 6 0 -1
2 5 9 3 0 2
11 8 9 3 0 2
haar_x2_y2
2.806647e-004 0 -1
-4.929306e-001 3.610858e-001 
1
2
18 14 5 4 0 -1
18 15 5 2 0 2
haar_y4
8.779136e-005 0 -1
-1.957507e-001 9.034561e-002 
1
3
6 15 10 4 0 -1
6 15 5 2 0 2
11 17 5 2 0 2
haar_x2_y2
3.802833e-003 0 -1
-3.479517e-001 5.960208e-001 
-8.853482e-001

4
-1
