9
1
2
5 11 2 3 0 -1
4 12 2 1 0 3
tilted_haar_y3
3.488617e-003 0 -1
2.290503e-001 -5.324675e-001 
1
2
17 15 4 3 0 -1
16 16 4 1 0 3
tilted_haar_x3
1.068149e-002 0 -1
8.682526e-002 -8.201494e-001 
1
2
7 15 3 4 0 -1
8 16 1 4 0 3
tilted_haar_x3
-5.078428e-003 0 -1
-6.431494e-001 2.634507e-001 
1
2
5 0 19 9 0 -1
5 3 19 3 0 3
haar_y3
-7.539669e-002 0 -1
6.935456e-001 -1.161470e-001 
1
2
3 17 3 3 0 -1
4 18 1 1 0 9
haar_point
4.124437e-003 0 -1
1.428972e-001 -6.510561e-001 
1
2
12 6 3 3 0 -1
13 6 1 3 0 3
haar_x3
6.573907e-003 0 -1
2.883174e-002 -8.172193e-001 
1
2
9 6 3 3 0 -1
10 6 1 3 0 3
haar_x3
3.931365e-003 0 -1
1.534453e-001 -7.948721e-001 
1
2
11 16 8 3 0 -1
11 17 8 1 0 3
haar_y3
3.638463e-003 0 -1
1.180298e-001 -3.578195e-001 
1
2
1 13 22 3 0 -1
1 14 22 1 0 3
haar_y3
7.720657e-003 0 -1
2.483843e-001 -5.676727e-001 
-5.875032e-001

11
-1
