7
1
2
0 7 11 3 0 -1
0 8 11 1 0 3
haar_y3
7.199757e-003 0 -1
1.770335e-001 -7.872341e-001 
1
2
21 6 2 3 0 -1
21 7 2 1 0 3
haar_y3
-2.600719e-003 0 -1
-7.131361e-001 6.334271e-002 
1
2
1 6 2 3 0 -1
1 7 2 1 0 3
haar_y3
3.660283e-003 0 -1
1.465030e-001 -9.487777e-001 
1
3
16 3 6 18 0 -1
19 3 3 9 0 2
16 12 3 9 0 2
haar_x2_y2
-8.001098e-003 0 -1
2.619288e-001 -1.765169e-001 
1
3
2 3 6 18 0 -1
2 3 3 9 0 2
5 12 3 9 0 2
haar_x2_y2
-2.935158e-002 0 -1
7.108697e-001 -1.683534e-001 
1
2
0 12 24 12 0 -1
6 12 12 12 0 2
haar_x4
1.399840e-001 0 -1
-1.659003e-001 8.379867e-001 
1
2
0 9 16 6 0 -1
8 9 8 6 0 2
haar_x2
-1.854105e-002 0 -1
5.580761e-001 -2.374432e-001 
-3.613347e-001

8
-1
