10
1
3
0 22 2 2 0 -1
0 22 1 1 0 2
1 23 1 1 0 2
haar_x2_y2
1.269219e-003 0 -1
1.390135e-001 -9.393939e-001 
1
2
6 2 12 6 0 -1
6 5 12 3 0 2
haar_y2
-6.705725e-003 0 -1
-3.188237e-001 4.499205e-001 
1
2
11 19 3 2 0 -1
12 20 1 2 0 3
tilted_haar_x3
6.242636e-003 0 -1
2.374295e-001 -7.162790e-001 
1
2
16 5 8 8 0 -1
16 5 4 8 0 2
tilted_haar_y2
-2.070538e-001 0 -1
1.000000e+000 -3.947157e-002 
1
2
0 21 1 3 0 -1
0 22 1 1 0 3
haar_y3
-9.709572e-004 0 -1
-7.913469e-001 1.829307e-001 
1
3
13 15 2 2 0 -1
14 15 1 1 0 2
13 16 1 1 0 2
haar_x2_y2
-4.867406e-004 0 -1
-3.958731e-001 1.147838e-001 
1
3
9 15 2 2 0 -1
9 15 1 1 0 2
10 16 1 1 0 2
haar_x2_y2
3.066998e-004 0 -1
3.269992e-001 -4.648936e-001 
1
2
14 6 3 1 0 -1
15 7 1 1 0 3
tilted_haar_y3
5.921595e-003 0 -1
-7.501795e-002 7.897383e-001 
1
2
10 6 1 3 0 -1
9 7 1 1 0 3
tilted_haar_y3
-1.220696e-003 0 -1
-4.544309e-001 3.544366e-001 
1
2
4 8 20 2 0 -1
4 9 20 1 0 2
haar_y2
-2.046881e-003 0 -1
-4.960392e-001 2.461726e-001 
-6.378411e-001

6
-1
