10
1
2
9 0 1 3 0 -1
9 1 1 1 0 3
haar_y3
6.535409e-004 0 -1
-2.385787e-001 7.966102e-001 
1
2
8 4 14 3 0 -1
8 5 14 1 0 3
haar_y3
7.702001e-003 0 -1
-7.983410e-002 9.423441e-001 
1
2
3 0 18 3 0 -1
3 1 18 1 0 3
haar_y3
-1.087152e-002 0 -1
9.540700e-001 -1.330707e-001 
1
2
20 11 4 6 0 -1
18 13 4 2 0 3
tilted_haar_x3
1.418929e-002 0 -1
1.393456e-001 -1.785841e-001 
1
2
9 4 1 3 0 -1
9 5 1 1 0 3
haar_y3
-9.145643e-004 0 -1
9.608362e-001 -1.624390e-001 
1
2
18 22 4 2 0 -1
18 22 2 2 0 2
haar_x2
-2.977820e-003 0 -1
-2.970155e-001 1.441574e-001 
1
2
2 22 4 2 0 -1
4 22 2 2 0 2
haar_x2
2.090083e-003 0 -1
2.496103e-001 -6.611764e-001 
1
2
17 14 6 3 0 -1
16 15 6 1 0 3
tilted_haar_x3
7.626101e-003 0 -1
8.579072e-002 -2.918316e-001 
1
2
7 14 3 6 0 -1
8 15 1 6 0 3
tilted_haar_x3
7.253133e-003 0 -1
2.776884e-001 -6.888838e-001 
1
2
8 5 12 3 0 -1
8 6 12 1 0 3
haar_y3
-4.442686e-003 0 -1
5.623339e-001 -2.163803e-001 
-3.748832e-001

12
-1
