12
1
2
7 4 6 6 0 -1
9 6 2 6 0 3
tilted_haar_x3
4.015457e-002 0 -1
-1.150443e-001 8.666667e-001 
1
2
14 5 9 15 0 -1
17 10 3 5 0 9
haar_point
-1.121504e-001 0 -1
2.474214e-001 -6.544026e-002 
1
3
9 2 4 18 0 -1
9 2 2 9 0 2
11 11 2 9 0 2
haar_x2_y2
-1.450506e-002 0 -1
6.318043e-001 -1.091601e-001 
1
2
11 13 12 11 0 -1
15 13 4 11 0 3
haar_x3
-9.996170e-002 0 -1
5.908103e-001 -4.082851e-002 
1
2
3 15 12 7 0 -1
6 15 6 7 0 2
haar_x4
-2.216184e-002 0 -1
5.189859e-001 -2.195298e-001 
1
2
14 11 6 2 0 -1
14 11 3 2 0 2
haar_x2
3.037416e-003 0 -1
-1.081370e-001 1.862374e-001 
1
2
4 8 6 4 0 -1
6 10 2 4 0 3
tilted_haar_x3
-1.017717e-002 0 -1
4.297613e-001 -2.748666e-001 
1
2
13 11 4 10 0 -1
14 11 2 10 0 2
haar_x4
-3.347108e-003 0 -1
2.735912e-001 -4.950643e-002 
1
2
7 11 4 10 0 -1
8 11 2 10 0 2
haar_x4
-8.790312e-003 0 -1
-7.934576e-001 1.311456e-001 
1
3
11 13 6 10 0 -1
14 13 3 5 0 2
11 18 3 5 0 2
haar_x2_y2
-3.357612e-002 0 -1
7.515372e-001 -3.335368e-002 
1
2
10 1 3 5 0 -1
11 2 1 5 0 3
tilted_haar_x3
-9.999044e-003 0 -1
8.407524e-001 -1.230159e-001 
1
3
18 6 4 14 0 -1
20 6 2 7 0 2
18 13 2 7 0 2
haar_x2_y2
7.749197e-003 0 -1
1.504935e-001 -2.030472e-001 
-5.341457e-001

10
-1
