11
1
2
6 3 10 4 0 -1
5 4 10 2 0 2
tilted_haar_y4
-1.214128e-002 0 -1
6.140351e-001 -1.758794e-001 
1
3
20 5 2 6 0 -1
21 5 1 3 0 2
20 8 1 3 0 2
haar_x2_y2
1.029974e-003 0 -1
-5.734283e-002 1.748351e-001 
1
3
2 5 2 6 0 -1
2 5 1 3 0 2
3 8 1 3 0 2
haar_x2_y2
-2.188599e-003 0 -1
6.741229e-001 -2.182222e-001 
1
3
20 4 2 10 0 -1
21 4 1 5 0 2
20 9 1 5 0 2
haar_x2_y2
5.953167e-003 0 -1
5.761029e-002 -3.581514e-001 
1
2
12 9 8 6 0 -1
14 11 4 6 0 2
tilted_haar_x4
3.237952e-002 0 -1
-1.638464e-001 7.580162e-001 
1
2
16 8 2 5 0 -1
16 8 1 5 0 2
haar_x2
1.466287e-003 0 -1
-6.986918e-002 3.737836e-001 
1
2
7 10 3 1 0 -1
8 11 1 1 0 3
tilted_haar_x3
-3.289001e-004 0 -1
-4.452479e-001 3.067399e-001 
1
2
18 7 6 15 0 -1
20 12 2 5 0 9
haar_point
1.718605e-001 0 -1
7.935611e-002 -8.461828e-001 
1
2
2 1 9 6 0 -1
2 3 9 2 0 3
haar_y3
-9.038834e-003 0 -1
4.469034e-001 -2.914488e-001 
1
2
18 7 6 15 0 -1
20 12 2 5 0 9
haar_point
-7.573380e-002 0 -1
3.277173e-001 -3.529843e-002 
1
3
1 5 4 10 0 -1
1 5 2 5 0 2
3 10 2 5 0 2
haar_x2_y2
2.926748e-003 0 -1
-2.614018e-001 4.521800e-001 
-7.916760e-001

3
-1
