11
1
2
0 0 4 16 0 -1
0 4 4 8 0 2
haar_y4
-2.396590e-002 0 -1
6.619718e-001 -2.540540e-001 
1
2
20 0 3 12 0 -1
20 6 3 6 0 2
haar_y2
1.570633e-002 0 -1
-1.218602e-001 4.831609e-001 
1
2
1 0 3 12 0 -1
1 6 3 6 0 2
haar_y2
5.756302e-003 0 -1
-2.550367e-001 6.420793e-001 
1
2
19 8 4 9 0 -1
19 11 4 3 0 3
haar_y3
5.080321e-002 0 -1
3.585073e-002 -1.000002e+000 
1
3
5 16 4 2 0 -1
5 16 2 1 0 2
7 17 2 1 0 2
haar_x2_y2
-4.405866e-004 0 -1
6.019222e-001 -2.752020e-001 
1
2
16 0 6 1 0 -1
16 0 3 1 0 2
haar_x2
6.500121e-003 0 -1
9.034579e-002 -6.593409e-001 
1
2
2 0 6 1 0 -1
5 0 3 1 0 2
haar_x2
-3.651110e-003 0 -1
7.702809e-001 -2.169526e-001 
1
2
15 2 4 1 0 -1
15 2 2 1 0 2
haar_x2
6.600324e-004 0 -1
-1.001997e-001 2.756217e-001 
1
2
5 2 4 1 0 -1
7 2 2 1 0 2
haar_x2
4.645302e-004 0 -1
-3.071793e-001 5.413896e-001 
1
2
11 0 2 10 0 -1
11 5 2 5 0 2
haar_y2
6.024825e-003 0 -1
-1.967566e-001 8.480785e-001 
1
2
9 0 4 21 0 -1
9 7 4 7 0 3
haar_y3
-3.163133e-002 0 -1
5.604709e-001 -3.699066e-001 
-9.261162e-001

0
-1
