23
1
3
3 11 16 4 0 -1
3 11 8 2 0 2
11 13 8 2 0 2
haar_x2_y2
3.939352e-003 0 -1
-2.613636e-001 5.750000e-001 
1
2
12 2 1 9 0 -1
9 5 1 3 0 3
tilted_haar_x3
-4.529079e-004 0 -1
1.601206e-001 -3.441881e-001 
1
2
2 19 11 4 0 -1
2 20 11 2 0 2
haar_y4
-5.970121e-004 0 -1
5.957177e-001 -3.399023e-001 
1
2
20 9 4 3 0 -1
19 10 4 1 0 3
tilted_haar_x3
-3.131989e-005 0 -1
3.936815e-001 -2.605584e-001 
1
3
2 4 18 18 0 -1
2 4 9 9 0 2
11 13 9 9 0 2
haar_x2_y2
-3.456589e-002 0 -1
5.730500e-001 -3.448188e-001 
1
2
6 3 12 4 0 -1
6 3 6 4 0 2
haar_x2
2.397476e-002 0 -1
-2.213557e-001 6.932709e-001 
1
2
0 19 10 3 0 -1
5 19 5 3 0 2
haar_x2
1.171429e-002 0 -1
-3.673491e-001 5.943420e-001 
1
2
7 15 15 9 0 -1
12 18 5 3 0 9
haar_point
-4.471425e-002 0 -1
3.841209e-001 -3.703715e-001 
1
2
8 18 8 1 0 -1
12 18 4 1 0 2
haar_x2
3.817176e-004 0 -1
-5.024871e-001 6.308516e-001 
1
2
4 7 18 12 0 -1
4 11 18 4 0 3
haar_y3
-3.768500e-003 0 -1
5.524707e-001 -5.404125e-001 
1
2
6 9 4 4 0 -1
7 10 2 4 0 2
tilted_haar_x4
7.294217e-004 0 -1
-4.302237e-001 7.183703e-001 
1
2
14 9 9 6 0 -1
17 11 3 2 0 9
haar_point
-1.689215e-004 0 -1
3.768800e-001 -5.202914e-001 
1
3
2 11 20 12 0 -1
2 11 10 6 0 2
12 17 10 6 0 2
haar_x2_y2
-1.891682e-003 0 -1
7.029397e-001 -6.221277e-001 
1
2
16 11 2 6 0 -1
16 13 2 2 0 3
haar_y3
1.825753e-005 0 -1
-1.729806e-001 2.663998e-001 
1
2
0 8 24 1 0 -1
12 8 12 1 0 2
haar_x2
-1.972646e-003 0 -1
6.617283e-001 -5.366184e-001 
1
2
16 11 2 6 0 -1
16 13 2 2 0 3
haar_y3
-1.512758e-005 0 -1
3.565932e-001 -2.549337e-001 
1
2
6 11 2 6 0 -1
6 13 2 2 0 3
haar_y3
6.412459e-004 0 -1
-4.469557e-001 6.693745e-001 
1
2
19 21 5 3 0 -1
19 22 5 1 0 3
haar_y3
7.820445e-005 0 -1
-3.796936e-001 2.719659e-001 
1
2
9 3 3 4 0 -1
9 5 3 2 0 2
haar_y2
1.413809e-004 0 -1
-6.354044e-001 5.738927e-001 
1
2
1 2 22 9 0 -1
1 5 22 3 0 3
haar_y3
-7.439244e-004 0 -1
5.696200e-001 -8.264616e-001 
1
2
12 2 9 3 0 -1
15 5 3 3 0 3
tilted_haar_x3
-6.161075e-003 0 -1
4.126654e-001 -7.849104e-001 
1
2
21 7 3 4 0 -1
22 7 1 4 0 3
haar_x3
9.954553e-004 0 -1
-2.127605e-001 2.406434e-001 
1
2
1 8 3 1 0 -1
2 9 1 1 0 3
tilted_haar_x3
-1.003118e-004 0 -1
5.484858e-001 -5.172429e-001 
-5.447762e-001

5
-1
