11
1
3
1 18 16 4 0 -1
1 18 8 2 0 2
9 20 8 2 0 2
haar_x2_y2
-6.164351e-003 0 -1
5.324675e-001 -2.290503e-001 
1
3
7 17 14 6 0 -1
14 17 7 3 0 2
7 20 7 3 0 2
haar_x2_y2
4.092380e-002 0 -1
-9.978813e-003 5.262281e-001 
1
3
0 0 10 8 0 -1
0 0 5 4 0 2
5 4 5 4 0 2
haar_x2_y2
3.127880e-002 0 -1
-1.714841e-001 7.724270e-001 
1
2
14 1 7 15 0 -1
14 6 7 5 0 3
haar_y3
-2.149097e-002 0 -1
3.482644e-001 -2.628831e-001 
1
2
7 20 1 4 0 -1
7 22 1 2 0 2
haar_y2
-5.904486e-004 0 -1
4.945146e-001 -3.444036e-001 
1
2
20 3 4 14 0 -1
20 3 2 14 0 2
haar_x2
-2.310313e-002 0 -1
6.562612e-001 -8.333781e-002 
1
2
0 3 4 16 0 -1
2 3 2 16 0 2
haar_x2
2.346681e-002 0 -1
-2.418718e-001 7.859638e-001 
1
2
14 0 3 22 0 -1
15 0 1 22 0 3
haar_x3
2.028518e-002 0 -1
1.578709e-001 -8.890930e-001 
1
2
10 5 1 8 0 -1
10 9 1 4 0 2
haar_y2
-2.317866e-003 0 -1
5.585513e-001 -3.053434e-001 
1
2
13 0 7 12 0 -1
13 3 7 6 0 2
haar_y4
-6.961492e-003 0 -1
2.165146e-001 -2.700671e-001 
1
2
5 4 9 3 0 -1
4 5 9 1 0 3
tilted_haar_y3
-5.293882e-003 0 -1
6.295277e-001 -2.434164e-001 
-7.558661e-001

1
-1
