13
1
2
12 11 3 10 0 -1
12 11 3 5 0 2
tilted_haar_y2
4.133016e-002 0 -1
-1.428571e-001 7.948718e-001 
1
2
14 0 3 3 0 -1
15 0 1 3 0 3
haar_x3
-2.258975e-003 0 -1
-4.594472e-001 1.745946e-001 
1
2
2 13 10 6 0 -1
2 15 10 2 0 3
haar_y3
-4.586276e-003 0 -1
3.973712e-001 -3.246334e-001 
1
2
19 21 4 1 0 -1
20 21 2 1 0 2
haar_x4
5.562686e-004 0 -1
2.418549e-001 -3.309461e-001 
1
2
1 21 4 1 0 -1
2 21 2 1 0 2
haar_x4
1.197148e-003 0 -1
2.305758e-001 -6.427926e-001 
1
3
20 21 4 2 0 -1
22 21 2 1 0 2
20 22 2 1 0 2
haar_x2_y2
2.503081e-003 0 -1
4.316891e-002 -3.962262e-001 
1
3
0 21 4 2 0 -1
0 21 2 1 0 2
2 22 2 1 0 2
haar_x2_y2
8.742086e-004 0 -1
2.188194e-001 -6.850373e-001 
1
2
18 13 2 4 0 -1
18 13 1 4 0 2
tilted_haar_y2
-1.460745e-003 0 -1
1.665690e-001 -1.414949e-001 
1
2
6 13 4 2 0 -1
6 13 4 1 0 2
tilted_haar_y2
1.690313e-003 0 -1
-2.685030e-001 5.386232e-001 
1
2
12 6 2 2 0 -1
12 6 1 2 0 2
haar_x2
-2.211031e-003 0 -1
-5.905096e-001 8.298236e-002 
1
2
10 6 2 2 0 -1
11 6 1 2 0 2
haar_x2
1.391474e-003 0 -1
2.159562e-001 -6.710164e-001 
1
2
2 14 20 1 0 -1
7 14 10 1 0 2
haar_x4
-8.001583e-003 0 -1
5.665272e-001 -2.926451e-001 
1
2
7 11 3 12 0 -1
8 11 1 12 0 3
haar_x3
6.387040e-003 0 -1
2.056310e-001 -6.586871e-001 
-6.604071e-001

13
-1
