17
1
2
4 0 16 24 0 -1
4 12 16 12 0 2
haar_y2
-3.488097e-001 0 -1
-8.620690e-001 1.101322e-001 
1
3
14 15 2 4 0 -1
15 15 1 2 0 2
14 17 1 2 0 2
haar_x2_y2
-4.496541e-003 0 -1
-6.270342e-001 4.919999e-002 
1
2
10 0 14 4 0 -1
10 0 14 2 0 2
tilted_haar_y2
3.244907e-002 0 -1
-1.499722e-001 7.725856e-001 
1
3
14 15 2 4 0 -1
15 15 1 2 0 2
14 17 1 2 0 2
haar_x2_y2
-3.675398e-004 0 -1
6.575698e-002 -1.194319e-001 
1
3
8 15 2 4 0 -1
8 15 1 2 0 2
9 17 1 2 0 2
haar_x2_y2
-1.057531e-003 0 -1
-5.575297e-001 2.227611e-001 
1
2
14 0 9 1 0 -1
17 3 3 1 0 3
tilted_haar_y3
5.926621e-003 0 -1
-1.317922e-001 2.132431e-001 
1
2
10 0 1 9 0 -1
7 3 1 3 0 3
tilted_haar_y3
1.438147e-002 0 -1
-1.005827e-001 8.579009e-001 
1
2
12 2 3 1 0 -1
13 2 1 1 0 3
haar_x3
-1.442077e-003 0 -1
-3.155856e-001 6.770581e-002 
1
2
9 2 3 1 0 -1
10 2 1 1 0 3
haar_x3
-9.645208e-004 0 -1
-6.511563e-001 1.817714e-001 
1
3
16 1 6 2 0 -1
19 1 3 1 0 2
16 2 3 1 0 2
haar_x2_y2
-1.164951e-002 0 -1
-1.000000e+000 1.355217e-002 
1
2
0 0 15 2 0 -1
5 0 5 2 0 3
haar_x3
-1.545723e-002 0 -1
5.396023e-001 -2.346926e-001 
1
2
14 13 3 5 0 -1
15 13 1 5 0 3
haar_x3
-5.108986e-003 0 -1
-5.763180e-001 8.999567e-002 
1
2
11 16 6 2 0 -1
11 16 3 2 0 2
tilted_haar_x2
-1.509778e-002 0 -1
7.429247e-001 -1.522909e-001 
1
2
11 16 2 8 0 -1
11 16 1 8 0 2
haar_x2
-7.838744e-004 0 -1
-4.901851e-001 3.489813e-001 
1
2
11 21 1 3 0 -1
11 22 1 1 0 3
haar_y3
-1.923253e-004 0 -1
-3.819045e-001 3.306501e-001 
1
2
22 1 1 22 0 -1
22 1 1 11 0 2
tilted_haar_x2
2.128146e-002 0 -1
8.185025e-002 -4.274478e-001 
1
2
3 1 20 3 0 -1
3 1 10 3 0 2
tilted_haar_x2
8.697916e-002 0 -1
2.206154e-001 -7.003215e-001 
-8.794963e-001

7
-1
