10
1
2
10 0 11 3 0 -1
9 1 11 1 0 3
tilted_haar_y3
-1.162167e-002 0 -1
7.674419e-001 -1.549296e-001 
1
2
12 21 9 2 0 -1
15 21 3 2 0 3
haar_x3
8.995450e-003 0 -1
-5.940305e-002 4.144316e-001 
1
2
3 21 9 2 0 -1
6 21 3 2 0 3
haar_x3
-5.497296e-003 0 -1
5.705435e-001 -2.135068e-001 
1
2
13 21 4 1 0 -1
13 21 2 1 0 2
haar_x2
8.216182e-004 0 -1
-1.898623e-001 3.772148e-001 
1
2
7 21 4 1 0 -1
9 21 2 1 0 2
haar_x2
-8.225926e-004 0 -1
5.209767e-001 -2.865888e-001 
1
2
4 1 20 3 0 -1
4 2 20 1 0 3
haar_y3
2.209253e-002 0 -1
1.382703e-001 -8.756943e-001 
1
2
9 11 1 4 0 -1
9 12 1 2 0 2
haar_y4
1.579315e-004 0 -1
-3.582200e-001 3.710665e-001 
1
2
17 8 3 6 0 -1
18 9 1 6 0 3
tilted_haar_y3
6.086088e-003 0 -1
-1.616590e-001 4.299186e-001 
1
2
3 7 4 4 0 -1
3 9 4 2 0 2
haar_y2
-2.065213e-003 0 -1
5.825250e-001 -2.685787e-001 
1
2
6 0 12 3 0 -1
6 1 12 1 0 3
haar_y3
6.139071e-003 0 -1
-1.793815e-001 6.281119e-001 
-5.752047e-001

2
-1
